field 	Temperature 	q_loaded 	q_unloaded 	reso_freq 	Rsf 	del_Rsf 	del_Xsf 
-1.000000e-01 	5.195000e+01 	6.381325e+03 	6.537866e+03 	7.881481e+09 	1.607393e-02 	0 	0 
175 	5.195100e+01 	6.363973e+03 	6.520595e+03 	7.881498e+09 	1.611708e-02 	4.315122e-05 	-4.405831e-04 
959 	5.195200e+01 	6.270337e+03 	6.422140e+03 	7.881508e+09 	1.636751e-02 	2.935794e-04 	-7.305056e-04 
1721 	5.195300e+01 	6.337984e+03 	6.494085e+03 	7.881523e+09 	1.618377e-02 	1.098352e-04 	-1.111571e-03 
2.556700e+03 	5.195300e+01 	6.604615e+03 	6.771112e+03 	7.881524e+09 	1.551271e-02 	-5.612170e-04 	-1.151906e-03 
3.396400e+03 	5.195300e+01 	6.617229e+03 	6.789789e+03 	7.881495e+09 	1.546944e-02 	-6.044880e-04 	-3.681353e-04 
4.164700e+03 	5.195300e+01 	6.742322e+03 	6.918845e+03 	7.881475e+09 	1.517683e-02 	-8.971060e-04 	1.694099e-04 
5.012400e+03 	5.195200e+01 	6.468653e+03 	6.633201e+03 	7.881439e+09 	1.583977e-02 	-2.341573e-04 	1.160207e-03 
5841 	5.195300e+01 	5.908224e+03 	6.039770e+03 	7.881397e+09 	1.741753e-02 	1.343597e-03 	2.278761e-03 
6.669800e+03 	5.195200e+01 	5.473039e+03 	5.584282e+03 	7.881313e+09 	1.885600e-02 	2.782067e-03 	4.566380e-03 
7.461900e+03 	5.195200e+01 	5.680415e+03 	5.804620e+03 	7.881190e+09 	1.813196e-02 	2.058031e-03 	7.879855e-03 
8290 	5.195100e+01 	6.374337e+03 	6.533740e+03 	7.881160e+09 	1.608422e-02 	1.028851e-05 	8.682568e-03 
9.118600e+03 	5.195000e+01 	6.666829e+03 	6.839306e+03 	7.881165e+09 	1.535586e-02 	-7.180667e-04 	8.554588e-03 
9.946700e+03 	5.195200e+01 	6.823710e+03 	7.004670e+03 	7.881165e+09 	1.498820e-02 	-1.085733e-03 	8.566110e-03 
1.079290e+04 	5.195100e+01 	6.836267e+03 	7.020979e+03 	7.881154e+09 	1.495288e-02 	-1.121055e-03 	8.841890e-03 
11585 	5.195000e+01 	6.838495e+03 	7.022179e+03 	7.881156e+09 	1.495028e-02 	-1.123648e-03 	8.787864e-03 
12414 	5.195000e+01 	6.924125e+03 	7.116851e+03 	7.881140e+09 	1.474850e-02 	-1.325428e-03 	9.217876e-03 
1.324190e+04 	5.194700e+01 	6.661290e+03 	6.839279e+03 	7.881135e+09 	1.535594e-02 	-7.179903e-04 	9.363963e-03 
1.406970e+04 	5.194700e+01 	6.939285e+03 	7.124802e+03 	7.881132e+09 	1.473185e-02 	-1.342084e-03 	9.432286e-03 
1.491630e+04 	5.194600e+01 	6.858781e+03 	7.048492e+03 	7.881122e+09 	1.489370e-02 	-1.180237e-03 	9.703811e-03 
1.569090e+04 	5.194400e+01 	6.964742e+03 	7.154058e+03 	7.881115e+09 	1.467071e-02 	-1.403219e-03 	9.895211e-03 
1.653720e+04 	5.194100e+01 	6.899332e+03 	7.085248e+03 	7.881110e+09 	1.481530e-02 	-1.258628e-03 	1.005121e-02 
17383 	5.194000e+01 	6.925665e+03 	7.110071e+03 	7.881103e+09 	1.476282e-02 	-1.311112e-03 	1.021665e-02 
18193 	5.193800e+01 	6.850123e+03 	7.033231e+03 	7.881092e+09 	1.492648e-02 	-1.147448e-03 	1.053570e-02 
1.902120e+04 	5.193800e+01 	6.787742e+03 	6.970749e+03 	7.881086e+09 	1.506223e-02 	-1.011706e-03 	1.069766e-02 
1.984930e+04 	5.193500e+01 	6.835438e+03 	7.016062e+03 	7.881083e+09 	1.496354e-02 	-1.110390e-03 	1.076088e-02 
2.062370e+04 	5.193200e+01 	6.809570e+03 	6.988487e+03 	7.881071e+09 	1.502344e-02 	-1.050490e-03 	1.108392e-02 
21506 	5.193100e+01 	6.717162e+03 	6.889702e+03 	7.881066e+09 	1.524197e-02 	-8.319642e-04 	1.122289e-02 
2.233390e+04 	5.192800e+01 	6.724483e+03 	6.900422e+03 	7.881056e+09 	1.521795e-02 	-8.559814e-04 	1.150527e-02 
23144 	5.192700e+01 	6.662301e+03 	6.836589e+03 	7.881051e+09 	1.536207e-02 	-7.118610e-04 	1.162407e-02 
23918 	5.192500e+01 	6.691206e+03 	6.866737e+03 	7.881046e+09 	1.529367e-02 	-7.802617e-04 	1.176853e-02 
2.480080e+04 	5.192300e+01 	6.682686e+03 	6.855385e+03 	7.881034e+09 	1.531936e-02 	-7.545765e-04 	1.208523e-02 
2.561080e+04 	5.192000e+01 	6.688207e+03 	6.865258e+03 	7.881029e+09 	1.529701e-02 	-7.769199e-04 	1.223118e-02 
2.642110e+04 	5.191800e+01 	6.714204e+03 	6.890981e+03 	7.881024e+09 	1.523910e-02 	-8.348334e-04 	1.236588e-02 
2.721280e+04 	5.191600e+01 	6.616205e+03 	6.783765e+03 	7.881021e+09 	1.548338e-02 	-5.905473e-04 	1.244547e-02 
2.805910e+04 	5.191400e+01 	6.614969e+03 	6.786943e+03 	7.881009e+09 	1.547603e-02 	-5.978996e-04 	1.275700e-02 
2.883370e+04 	5.191000e+01 	6.548013e+03 	6.714459e+03 	7.881003e+09 	1.564545e-02 	-4.284840e-04 	1.294111e-02 
2.967970e+04 	5.190800e+01 	6.463581e+03 	6.626846e+03 	7.880997e+09 	1.585517e-02 	-2.187640e-04 	1.308084e-02 
30508 	5.190600e+01 	6.540898e+03 	6.701238e+03 	7.880989e+09 	1.567674e-02 	-3.971895e-04 	1.331542e-02 
31299 	5.190400e+01 	6.564561e+03 	6.730898e+03 	7.880989e+09 	1.560671e-02 	-4.672265e-04 	1.332115e-02 
3.212830e+04 	5.190100e+01 	6.486593e+03 	6.649594e+03 	7.880976e+09 	1.580019e-02 	-2.737466e-04 	1.364813e-02 
3.297430e+04 	5.189800e+01 	6.369826e+03 	6.531767e+03 	7.880972e+09 	1.608913e-02 	1.519694e-05 	1.377527e-02 
3.376650e+04 	5.189600e+01 	6.447069e+03 	6.606909e+03 	7.880969e+09 	1.590367e-02 	-1.702633e-04 	1.386297e-02 
3.461260e+04 	5.189300e+01 	6.410878e+03 	6.573866e+03 	7.880960e+09 	1.598470e-02 	-8.923008e-05 	1.408273e-02 
3.542260e+04 	5.189000e+01 	6.361777e+03 	6.517592e+03 	7.880955e+09 	1.612459e-02 	5.066219e-05 	1.423599e-02 
3.625030e+04 	5.188700e+01 	6.352573e+03 	6.505765e+03 	7.880947e+09 	1.615430e-02 	8.036876e-05 	1.444326e-02 
3.707850e+04 	5.188500e+01 	6.396297e+03 	6.553425e+03 	7.880941e+09 	1.603524e-02 	-3.869426e-05 	1.459502e-02 
3.790690e+04 	5.188300e+01 	6.318444e+03 	6.471387e+03 	7.880934e+09 	1.624127e-02 	1.673421e-04 	1.478356e-02 
3.871770e+04 	5.187900e+01 	6.271316e+03 	6.423371e+03 	7.880929e+09 	1.636431e-02 	2.903746e-04 	1.494037e-02 
39563 	5.187700e+01 	6.233848e+03 	6.382975e+03 	7.880924e+09 	1.646925e-02 	3.953140e-04 	1.508004e-02 
4.037360e+04 	5.187300e+01 	6.244320e+03 	6.395510e+03 	7.880917e+09 	1.643654e-02 	3.626099e-04 	1.524565e-02 
4.118340e+04 	5.187100e+01 	6.227426e+03 	6.378250e+03 	7.880912e+09 	1.648161e-02 	4.076758e-04 	1.538082e-02 
4.202990e+04 	5.187000e+01 	6.199795e+03 	6.347495e+03 	7.880904e+09 	1.656252e-02 	4.885854e-04 	1.560614e-02 
42822 	5.186700e+01 	6.180838e+03 	6.328376e+03 	7.880900e+09 	1.661321e-02 	5.392811e-04 	1.571986e-02 
4.365060e+04 	5.186400e+01 	6.166395e+03 	6.315413e+03 	7.880894e+09 	1.664776e-02 	5.738283e-04 	1.589091e-02 
4.449650e+04 	5.186000e+01 	6.145790e+03 	6.291582e+03 	7.880887e+09 	1.671164e-02 	6.377080e-04 	1.605548e-02 
4.527060e+04 	5.185800e+01 	6.129269e+03 	6.273388e+03 	7.880883e+09 	1.676074e-02 	6.868057e-04 	1.617175e-02 
4.606220e+04 	5.185400e+01 	6.096134e+03 	6.241717e+03 	7.880877e+09 	1.684689e-02 	7.729559e-04 	1.633814e-02 
4.692690e+04 	5.185100e+01 	6.083897e+03 	6.224395e+03 	7.880872e+09 	1.689437e-02 	8.204429e-04 	1.648322e-02 
4.775530e+04 	5.184800e+01 	6.062195e+03 	6.201527e+03 	7.880868e+09 	1.695742e-02 	8.834856e-04 	1.658883e-02 
4.852930e+04 	5.184500e+01 	6.046461e+03 	6.185539e+03 	7.880859e+09 	1.700181e-02 	9.278761e-04 	1.681528e-02 
4.937540e+04 	5.184300e+01 	6.026428e+03 	6.166383e+03 	7.880852e+09 	1.705530e-02 	9.813658e-04 	1.700971e-02 
5.023960e+04 	5.183900e+01 	5.988241e+03 	6.123246e+03 	7.880848e+09 	1.717697e-02 	1.103043e-03 	1.713309e-02 
51014 	5.183700e+01 	5.996874e+03 	6.132496e+03 	7.880843e+09 	1.715074e-02 	1.076808e-03 	1.725282e-02 
5.186030e+04 	5.183300e+01 	5.966892e+03 	6.104603e+03 	7.880835e+09 	1.723009e-02 	1.156163e-03 	1.746258e-02 
52706 	5.182900e+01 	5.939411e+03 	6.075295e+03 	7.880830e+09 	1.731426e-02 	1.240329e-03 	1.760535e-02 
5.348020e+04 	5.182600e+01 	5.904293e+03 	6.036968e+03 	7.880825e+09 	1.742556e-02 	1.351627e-03 	1.773005e-02 
54326 	5.182300e+01 	5.910295e+03 	6.044568e+03 	7.880819e+09 	1.740338e-02 	1.329445e-03 	1.790033e-02 
5.510040e+04 	5.181800e+01 	5.896618e+03 	6.027373e+03 	7.880814e+09 	1.745364e-02 	1.379713e-03 	1.803558e-02 
5.592860e+04 	5.181500e+01 	5.890034e+03 	6.023014e+03 	7.880810e+09 	1.746643e-02 	1.392502e-03 	1.815173e-02 
5.677490e+04 	5.181200e+01 	5.870544e+03 	6.003317e+03 	7.880804e+09 	1.752445e-02 	1.450520e-03 	1.829783e-02 
5.758470e+04 	5.181000e+01 	5.806107e+03 	5.934799e+03 	7.880796e+09 	1.772928e-02 	1.655345e-03 	1.852903e-02 
58431 	5.180700e+01 	5.819377e+03 	5.946845e+03 	7.880793e+09 	1.769293e-02 	1.618994e-03 	1.859388e-02 
5.927670e+04 	5.180400e+01 	5.803658e+03 	5.930807e+03 	7.880787e+09 	1.774136e-02 	1.667425e-03 	1.877583e-02 
6.005150e+04 	5.180000e+01 	5.764875e+03 	5.891642e+03 	7.880785e+09 	1.786073e-02 	1.786800e-03 	1.883286e-02 
6.089770e+04 	5.179700e+01 	5.761865e+03 	5.891813e+03 	7.880777e+09 	1.786021e-02 	1.786275e-03 	1.903803e-02 
61690 	5.179300e+01 	5.753523e+03 	5.879216e+03 	7.880772e+09 	1.789894e-02 	1.825008e-03 	1.916926e-02 
62535 	5.179100e+01 	5.728048e+03 	5.852495e+03 	7.880767e+09 	1.798165e-02 	1.907719e-03 	1.929764e-02 
6.330990e+04 	5.178700e+01 	5.724973e+03 	5.849195e+03 	7.880761e+09 	1.799192e-02 	1.917988e-03 	1.946364e-02 
6.413860e+04 	5.178400e+01 	5.689085e+03 	5.812006e+03 	7.880754e+09 	1.810843e-02 	2.034499e-03 	1.966160e-02 
6.500470e+04 	5.178200e+01 	5.690339e+03 	5.814838e+03 	7.880752e+09 	1.809951e-02 	2.025574e-03 	1.972465e-02 
6.583490e+04 	5.177900e+01 	5.667615e+03 	5.788304e+03 	7.880745e+09 	1.818347e-02 	2.109537e-03 	1.989564e-02 
6.668280e+04 	5.177500e+01 	5.618987e+03 	5.738775e+03 	7.880739e+09 	1.834227e-02 	2.268341e-03 	2.005730e-02 
6.745930e+04 	5.177300e+01 	5.623556e+03 	5.741674e+03 	7.880734e+09 	1.833290e-02 	2.258970e-03 	2.018899e-02 
68326 	5.176800e+01 	5.566386e+03 	5.684990e+03 	7.880729e+09 	1.851786e-02 	2.443926e-03 	2.032891e-02 
6.913790e+04 	5.176600e+01 	5.590958e+03 	5.711550e+03 	7.880723e+09 	1.843074e-02 	2.356804e-03 	2.048636e-02 
69968 	5.176300e+01 	5.578165e+03 	5.695890e+03 	7.880718e+09 	1.848200e-02 	2.408072e-03 	2.063329e-02 
7.081630e+04 	5.175900e+01 	5.556386e+03 	5.672955e+03 	7.880711e+09 	1.855760e-02 	2.483670e-03 	2.081292e-02 
7.161030e+04 	5.175700e+01 	5.564154e+03 	5.681250e+03 	7.880709e+09 	1.853019e-02 	2.456257e-03 	2.087970e-02 
7.244050e+04 	5.175400e+01 	5.530504e+03 	5.646237e+03 	7.880702e+09 	1.864644e-02 	2.572511e-03 	2.107475e-02 
7.327130e+04 	5.174900e+01 	5.522843e+03 	5.638926e+03 	7.880696e+09 	1.867076e-02 	2.596832e-03 	2.121911e-02 
7.406540e+04 	5.174600e+01 	5.496648e+03 	5.610940e+03 	7.880692e+09 	1.876497e-02 	2.691036e-03 	2.132976e-02 
74913 	5.174500e+01 	5.487088e+03 	5.602657e+03 	7.880685e+09 	1.879303e-02 	2.719096e-03 	2.151516e-02 
7.576190e+04 	5.174100e+01 	5.477523e+03 	5.592369e+03 	7.880682e+09 	1.882800e-02 	2.754065e-03 	2.160148e-02 
76592 	5.173700e+01 	5.429053e+03 	5.542464e+03 	7.880675e+09 	1.899947e-02 	2.925542e-03 	2.178820e-02 
7.736840e+04 	5.173400e+01 	5.443691e+03 	5.555608e+03 	7.880671e+09 	1.895401e-02 	2.880079e-03 	2.190348e-02 
7.821680e+04 	5.173100e+01 	5.430211e+03 	5.540819e+03 	7.880665e+09 	1.900518e-02 	2.931245e-03 	2.206613e-02 
7.899250e+04 	5.172800e+01 	5.408797e+03 	5.517324e+03 	7.880659e+09 	1.908703e-02 	3.013098e-03 	2.223170e-02 
7.982290e+04 	5.172500e+01 	5.397248e+03 	5.506405e+03 	7.880654e+09 	1.912531e-02 	3.051376e-03 	2.235018e-02 
8.067120e+04 	5.172200e+01 	5.385841e+03 	5.494547e+03 	7.880650e+09 	1.916705e-02 	3.093114e-03 	2.247834e-02 
8.150170e+04 	5.171900e+01 	5.375030e+03 	5.481469e+03 	7.880645e+09 	1.921329e-02 	3.139362e-03 	2.260154e-02 
8.229590e+04 	5.171500e+01 	5.359881e+03 	5.470431e+03 	7.880638e+09 	1.925250e-02 	3.178564e-03 	2.280109e-02 
83144 	5.171200e+01 	5.344112e+03 	5.451274e+03 	7.880634e+09 	1.932091e-02 	3.246981e-03 	2.290115e-02 
8.391990e+04 	5.170700e+01 	5.341645e+03 	5.448908e+03 	7.880628e+09 	1.932940e-02 	3.255464e-03 	2.305256e-02 
8.476780e+04 	5.170500e+01 	5.325692e+03 	5.432196e+03 	7.880625e+09 	1.938953e-02 	3.315595e-03 	2.315064e-02 
8.559830e+04 	5.170300e+01 	5.297681e+03 	5.404707e+03 	7.880618e+09 	1.948924e-02 	3.415312e-03 	2.333768e-02 
86429 	5.170000e+01 	5.292457e+03 	5.397582e+03 	7.880614e+09 	1.951526e-02 	3.441324e-03 	2.345335e-02 
87241 	5.169700e+01 	5.271121e+03 	5.376788e+03 	7.880608e+09 	1.959156e-02 	3.517631e-03 	2.360225e-02 
88089 	5.169500e+01 	5.277155e+03 	5.381331e+03 	7.880603e+09 	1.957484e-02 	3.500910e-03 	2.372817e-02 
8.891950e+04 	5.169100e+01 	5.255418e+03 	5.359520e+03 	7.880597e+09 	1.965538e-02 	3.581450e-03 	2.390970e-02 
8.969540e+04 	5.168800e+01 	5.248464e+03 	5.354084e+03 	7.880594e+09 	1.967556e-02 	3.601625e-03 	2.397862e-02 
8.999970e+04 	5.168500e+01 	5.260640e+03 	5.364405e+03 	7.880601e+09 	1.963729e-02 	3.563354e-03 	2.379653e-02 
89611 	5.168600e+01 	5.260691e+03 	5.364225e+03 	7.880611e+09 	1.963795e-02 	3.564022e-03 	2.351891e-02 
88822 	5.168800e+01 	5.263954e+03 	5.365367e+03 	7.880618e+09 	1.963373e-02 	3.559795e-03 	2.333970e-02 
8.796160e+04 	5.168800e+01 	5.281819e+03 	5.385141e+03 	7.880618e+09 	1.956084e-02 	3.486908e-03 	2.332906e-02 
8.713620e+04 	5.169200e+01 	5.282160e+03 	5.387350e+03 	7.880623e+09 	1.955273e-02 	3.478797e-03 	2.318733e-02 
8.631040e+04 	5.169400e+01 	5.295796e+03 	5.402027e+03 	7.880627e+09 	1.949902e-02 	3.425087e-03 	2.308286e-02 
8.546570e+04 	5.169800e+01 	5.304615e+03 	5.409495e+03 	7.880632e+09 	1.947180e-02 	3.397871e-03 	2.294911e-02 
8.469370e+04 	5.169900e+01 	5.317402e+03 	5.422625e+03 	7.880639e+09 	1.942413e-02 	3.350200e-03 	2.276053e-02 
8.384990e+04 	5.170400e+01 	5.362414e+03 	5.469329e+03 	7.880642e+09 	1.925642e-02 	3.182488e-03 	2.268081e-02 
8.300610e+04 	5.170800e+01 	5.350737e+03 	5.460453e+03 	7.880647e+09 	1.928807e-02 	3.214140e-03 	2.255244e-02 
8.223370e+04 	5.171200e+01 	5.361859e+03 	5.471506e+03 	7.880652e+09 	1.924867e-02 	3.174740e-03 	2.240794e-02 
8.137120e+04 	5.171700e+01 	5.400178e+03 	5.508002e+03 	7.880655e+09 	1.911970e-02 	3.045768e-03 	2.233872e-02 
80545 	5.172000e+01 	5.395160e+03 	5.506035e+03 	7.880660e+09 	1.912661e-02 	3.052675e-03 	2.218975e-02 
7.977340e+04 	5.172400e+01 	5.400005e+03 	5.511367e+03 	7.880667e+09 	1.910789e-02 	3.033962e-03 	2.200458e-02 
7.896470e+04 	5.172800e+01 	5.448473e+03 	5.559510e+03 	7.880672e+09 	1.894056e-02 	2.866624e-03 	2.187637e-02 
7.813890e+04 	5.173100e+01 	5.428437e+03 	5.538652e+03 	7.880674e+09 	1.901270e-02 	2.938766e-03 	2.180954e-02 
77313 	5.173600e+01 	5.479743e+03 	5.595647e+03 	7.880681e+09 	1.881684e-02 	2.742910e-03 	2.163164e-02 
7.652260e+04 	5.173900e+01 	5.490940e+03 	5.603921e+03 	7.880686e+09 	1.878874e-02 	2.714810e-03 	2.149913e-02 
7.566080e+04 	5.174400e+01 	5.484715e+03 	5.599090e+03 	7.880691e+09 	1.880514e-02 	2.731208e-03 	2.135921e-02 
7.487030e+04 	5.174800e+01 	5.491211e+03 	5.602524e+03 	7.880696e+09 	1.879348e-02 	2.719547e-03 	2.122007e-02 
7.402640e+04 	5.175300e+01 	5.511034e+03 	5.626315e+03 	7.880702e+09 	1.871324e-02 	2.639304e-03 	2.107066e-02 
7.320040e+04 	5.175700e+01 	5.515646e+03 	5.630910e+03 	7.880707e+09 	1.869778e-02 	2.623853e-03 	2.092408e-02 
7.242790e+04 	5.176100e+01 	5.537376e+03 	5.653714e+03 	7.880713e+09 	1.862150e-02 	2.547565e-03 	2.077345e-02 
71566 	5.176500e+01 	5.573570e+03 	5.690905e+03 	7.880717e+09 	1.849839e-02 	2.424454e-03 	2.066939e-02 
70722 	5.177000e+01 	5.603757e+03 	5.723857e+03 	7.880722e+09 	1.839064e-02 	2.316711e-03 	2.053019e-02 
6.996790e+04 	5.177300e+01 	5.601554e+03 	5.720006e+03 	7.880728e+09 	1.840317e-02 	2.329237e-03 	2.035445e-02 
6.910610e+04 	5.177800e+01 	5.601792e+03 	5.719371e+03 	7.880736e+09 	1.840524e-02 	2.331306e-03 	2.015550e-02 
6.833390e+04 	5.178200e+01 	5.624032e+03 	5.740864e+03 	7.880739e+09 	1.833552e-02 	2.261587e-03 	2.007832e-02 
6.748990e+04 	5.178600e+01 	5.656535e+03 	5.780549e+03 	7.880747e+09 	1.820815e-02 	2.134220e-03 	1.985937e-02 
6.668180e+04 	5.179000e+01 	5.642713e+03 	5.764655e+03 	7.880751e+09 	1.825895e-02 	2.185020e-03 	1.973059e-02 
6.589140e+04 	5.179400e+01 	5.682515e+03 	5.805094e+03 	7.880759e+09 	1.813025e-02 	2.056318e-03 	1.953817e-02 
6.506530e+04 	5.179900e+01 	5.695425e+03 	5.817920e+03 	7.880764e+09 	1.808980e-02 	2.015872e-03 	1.938574e-02 
6.423950e+04 	5.180300e+01 	5.687020e+03 	5.812420e+03 	7.880770e+09 	1.810713e-02 	2.033194e-03 	1.922006e-02 
63395 	5.180800e+01 	5.735557e+03 	5.863135e+03 	7.880775e+09 	1.794863e-02 	1.874694e-03 	1.908505e-02 
6.262310e+04 	5.181200e+01 	5.735086e+03 	5.859578e+03 	7.880783e+09 	1.795965e-02 	1.885722e-03 	1.888183e-02 
6.177910e+04 	5.181800e+01 	5.772553e+03 	5.899716e+03 	7.880787e+09 	1.783599e-02 	1.762062e-03 	1.877957e-02 
6.098940e+04 	5.182200e+01 	5.772430e+03 	5.901675e+03 	7.880794e+09 	1.783000e-02 	1.756070e-03 	1.857623e-02 
6.014490e+04 	5.182500e+01 	5.798515e+03 	5.927745e+03 	7.880801e+09 	1.775063e-02 	1.676699e-03 	1.839584e-02 
5.930040e+04 	5.182900e+01 	5.813724e+03 	5.946039e+03 	7.880809e+09 	1.769535e-02 	1.621419e-03 	1.818727e-02 
5.851060e+04 	5.183400e+01 	5.823728e+03 	5.951925e+03 	7.880812e+09 	1.767764e-02 	1.603707e-03 	1.808879e-02 
5.766620e+04 	5.183800e+01 	5.841729e+03 	5.971014e+03 	7.880819e+09 	1.762043e-02 	1.546500e-03 	1.791270e-02 
5.684070e+04 	5.184100e+01 	5.860690e+03 	5.990577e+03 	7.880825e+09 	1.756218e-02 	1.488249e-03 	1.773584e-02 
5.606850e+04 	5.184600e+01 	5.877587e+03 	6.009191e+03 	7.880833e+09 	1.750711e-02 	1.433177e-03 	1.751225e-02 
5.524240e+04 	5.184900e+01 	5.877674e+03 	6.010387e+03 	7.880838e+09 	1.750358e-02 	1.429651e-03 	1.740175e-02 
54398 	5.185400e+01 	5.937548e+03 	6.068557e+03 	7.880842e+09 	1.733380e-02 	1.259868e-03 	1.728194e-02 
53572 	5.185800e+01 	5.953141e+03 	6.088671e+03 	7.880851e+09 	1.727582e-02 	1.201887e-03 	1.705115e-02 
5.272820e+04 	5.186300e+01 	5.939600e+03 	6.076463e+03 	7.880858e+09 	1.731096e-02 	1.237031e-03 	1.684514e-02 
5.197390e+04 	5.186400e+01 	5.971091e+03 	6.109524e+03 	7.880864e+09 	1.721611e-02 	1.142180e-03 	1.669755e-02 
5.111210e+04 	5.186800e+01 	5.981312e+03 	6.121060e+03 	7.880869e+09 	1.718325e-02 	1.109322e-03 	1.654185e-02 
5.032170e+04 	5.187300e+01 	6.007934e+03 	6.147151e+03 	7.880877e+09 	1.710940e-02 	1.035468e-03 	1.633310e-02 
49495 	5.187600e+01 	6.040100e+03 	6.180149e+03 	7.880883e+09 	1.701688e-02 	9.429527e-04 	1.618186e-02 
4.866980e+04 	5.188100e+01 	6.050888e+03 	6.192734e+03 	7.880888e+09 	1.698186e-02 	9.079294e-04 	1.603520e-02 
4.780750e+04 	5.188400e+01 	6.074919e+03 	6.217410e+03 	7.880896e+09 	1.691360e-02 	8.396682e-04 	1.581719e-02 
4.703540e+04 	5.188900e+01 	6.085937e+03 	6.224968e+03 	7.880904e+09 	1.689280e-02 	8.188699e-04 	1.559508e-02 
4.617310e+04 	5.189300e+01 	6.113890e+03 	6.258910e+03 	7.880912e+09 	1.680001e-02 	7.260796e-04 	1.539679e-02 
4.534730e+04 	5.189600e+01 	6.133587e+03 	6.280635e+03 	7.880917e+09 	1.674115e-02 	6.672165e-04 	1.526909e-02 
44557 	5.190100e+01 	6.159497e+03 	6.306493e+03 	7.880923e+09 	1.667161e-02 	5.976831e-04 	1.510314e-02 
43713 	5.190400e+01 	6.175970e+03 	6.323702e+03 	7.880930e+09 	1.662565e-02 	5.517210e-04 	1.491479e-02 
42923 	5.190800e+01 	6.203715e+03 	6.352775e+03 	7.880938e+09 	1.654857e-02 	4.746389e-04 	1.468477e-02 
4.209710e+04 	5.191400e+01 	6.214377e+03 	6.363713e+03 	7.880944e+09 	1.651976e-02 	4.458236e-04 	1.452521e-02 
4.130630e+04 	5.191500e+01 	6.201001e+03 	6.351476e+03 	7.880952e+09 	1.655200e-02 	4.780704e-04 	1.432001e-02 
4.046230e+04 	5.192200e+01 	6.266561e+03 	6.420930e+03 	7.880959e+09 	1.637061e-02 	2.966785e-04 	1.412546e-02 
3.965410e+04 	5.192600e+01 	6.285589e+03 	6.439151e+03 	7.880966e+09 	1.632367e-02 	2.497370e-04 	1.393269e-02 
3.881040e+04 	5.192900e+01 	6.305125e+03 	6.459601e+03 	7.880972e+09 	1.627130e-02 	1.973723e-04 	1.377013e-02 
38038 	5.193300e+01 	6.332954e+03 	6.486452e+03 	7.880980e+09 	1.620305e-02 	1.291155e-04 	1.356424e-02 
3.719380e+04 	5.193700e+01 	6.347273e+03 	6.505655e+03 	7.880984e+09 	1.615458e-02 	8.064720e-05 	1.344352e-02 
3.636760e+04 	5.194100e+01 	6.356969e+03 	6.510920e+03 	7.880994e+09 	1.614134e-02 	6.740832e-05 	1.316462e-02 
3.552410e+04 	5.194400e+01 	6.355462e+03 	6.516335e+03 	7.880996e+09 	1.612775e-02 	5.381479e-05 	1.313150e-02 
3.475180e+04 	5.194700e+01 	6.358636e+03 	6.514739e+03 	7.881006e+09 	1.613175e-02 	5.781808e-05 	1.284963e-02 
33908 	5.195100e+01 	6.470585e+03 	6.632174e+03 	7.881018e+09 	1.584226e-02 	-2.316695e-04 	1.252435e-02 
3.313590e+04 	5.195400e+01 	6.467048e+03 	6.631365e+03 	7.881020e+09 	1.584422e-02 	-2.297104e-04 	1.247307e-02 
3.227340e+04 	5.195800e+01 	6.445333e+03 	6.609256e+03 	7.881022e+09 	1.589795e-02 	-1.759787e-04 	1.241691e-02 
3.150090e+04 	5.196200e+01 	6.509855e+03 	6.675046e+03 	7.881042e+09 	1.573911e-02 	-3.348203e-04 	1.186706e-02 
3.065530e+04 	5.196600e+01 	6.639144e+03 	6.807366e+03 	7.881043e+09 	1.542894e-02 	-6.449945e-04 	1.186128e-02 
2.982850e+04 	5.196800e+01 	6.610172e+03 	6.780237e+03 	7.881055e+09 	1.549154e-02 	-5.823880e-04 	1.153633e-02 
2.898380e+04 	5.197200e+01 	6.500253e+03 	6.670388e+03 	7.881062e+09 	1.575025e-02 	-3.236786e-04 	1.134145e-02 
28156 	5.197500e+01 	6.658576e+03 	6.829254e+03 	7.881065e+09 	1.537879e-02 	-6.951444e-04 	1.126715e-02 
2.736510e+04 	5.197900e+01 	6.577523e+03 	6.746368e+03 	7.881073e+09 	1.557041e-02 	-5.035194e-04 	1.104040e-02 
2.653840e+04 	5.198200e+01 	6.703519e+03 	6.874975e+03 	7.881078e+09 	1.527506e-02 	-7.988682e-04 	1.090621e-02 
2.571090e+04 	5.198600e+01 	6.745867e+03 	6.919317e+03 	7.881097e+09 	1.517578e-02 	-8.981565e-04 	1.037969e-02 
2.493790e+04 	5.198800e+01 	6.685795e+03 	6.858389e+03 	7.881101e+09 	1.531253e-02 	-7.614021e-04 	1.028470e-02 
2.409190e+04 	5.199300e+01 	6.723123e+03 	6.904565e+03 	7.881112e+09 	1.520867e-02 	-8.652662e-04 	9.984616e-03 
2.324710e+04 	5.199500e+01 	6.499238e+03 	6.670690e+03 	7.881119e+09 	1.574953e-02 	-3.244003e-04 	9.806588e-03 
2.247390e+04 	5.199900e+01 	6.663765e+03 	6.839428e+03 	7.881116e+09 	1.535559e-02 	-7.183458e-04 	9.868309e-03 
2.162880e+04 	5.200100e+01 	6.826571e+03 	7.013780e+03 	7.881130e+09 	1.496845e-02 	-1.105485e-03 	9.496963e-03 
2.080150e+04 	5.200300e+01 	6.809978e+03 	6.991654e+03 	7.881133e+09 	1.501651e-02 	-1.057425e-03 	9.409887e-03 
2.001090e+04 	5.200700e+01 	6.895883e+03 	7.082718e+03 	7.881145e+09 	1.482063e-02 	-1.253300e-03 	9.100950e-03 
1.916530e+04 	5.200900e+01 	6.898005e+03 	7.083268e+03 	7.881156e+09 	1.481946e-02 	-1.254468e-03 	8.786344e-03 
1.832030e+04 	5.201100e+01 	6.724188e+03 	6.905175e+03 	7.881162e+09 	1.520730e-02 	-8.666300e-04 	8.636539e-03 
1.749350e+04 	5.201300e+01 	6.920576e+03 	7.108646e+03 	7.881171e+09 	1.476578e-02 	-1.308152e-03 	8.390436e-03 
1.670260e+04 	5.201600e+01 	6.904054e+03 	7.092014e+03 	7.881173e+09 	1.480092e-02 	-1.273011e-03 	8.333218e-03 
1.587510e+04 	5.201800e+01 	6.878756e+03 	7.065799e+03 	7.881178e+09 	1.485664e-02 	-1.217291e-03 	8.204713e-03 
1.504740e+04 	5.202000e+01 	6.907573e+03 	7.096978e+03 	7.881185e+09 	1.479041e-02 	-1.283517e-03 	8.022617e-03 
1.421910e+04 	5.202300e+01 	6.949816e+03 	7.138524e+03 	7.881202e+09 	1.470306e-02 	-1.370867e-03 	7.543059e-03 
1.337380e+04 	5.202400e+01 	6.808344e+03 	6.991022e+03 	7.881204e+09 	1.501788e-02 	-1.056047e-03 	7.491444e-03 
12618 	5.202800e+01 	6.728901e+03 	6.903759e+03 	7.881215e+09 	1.521047e-02 	-8.634647e-04 	7.212928e-03 
1.179050e+04 	5.203000e+01 	6.840311e+03 	7.022047e+03 	7.881218e+09 	1.495057e-02 	-1.123364e-03 	7.130722e-03 
1.096240e+04 	5.203000e+01 	6.711444e+03 	6.888902e+03 	7.881224e+09 	1.524374e-02 	-8.301917e-04 	6.953901e-03 
10117 	5.203200e+01 	6.648264e+03 	6.821532e+03 	7.881228e+09 	1.539644e-02 	-6.774875e-04 	6.851096e-03 
9.343300e+03 	5.203400e+01 	6.402909e+03 	6.564410e+03 	7.881229e+09 	1.600805e-02 	-6.587972e-05 	6.811204e-03 
8.479500e+03 	5.203600e+01 	6.020107e+03 	6.159502e+03 	7.881244e+09 	1.707471e-02 	1.000783e-03 	6.424778e-03 
7.651700e+03 	5.203800e+01 	5.510467e+03 	5.624003e+03 	7.881319e+09 	1.872128e-02 	2.647351e-03 	4.383161e-03 
6.877800e+03 	5.203900e+01 	5.712887e+03 	5.839833e+03 	7.881424e+09 	1.802132e-02 	1.947384e-03 	1.544178e-03 
6.049700e+03 	5.204000e+01 	6.251240e+03 	6.400531e+03 	7.881478e+09 	1.642351e-02 	3.495757e-04 	9.477634e-05 
5.203600e+03 	5.204000e+01 	6.649184e+03 	6.818040e+03 	7.881506e+09 	1.540444e-02 	-6.694903e-04 	-6.736624e-04 
4429 	5.204200e+01 	6.700651e+03 	6.877121e+03 	7.881535e+09 	1.527023e-02 	-8.037035e-04 	-1.435526e-03 
3.619400e+03 	5.204100e+01 	6.567067e+03 	6.728997e+03 	7.881565e+09 	1.561117e-02 	-4.627626e-04 	-2.264610e-03 
2773 	5.204300e+01 	6.224610e+03 	6.372146e+03 	7.881584e+09 	1.649764e-02 	4.237066e-04 	-2.773598e-03 
1.943900e+03 	5.204200e+01 	6.005575e+03 	6.144398e+03 	7.881596e+09 	1.711722e-02 	1.043292e-03 	-3.091850e-03 
1.114700e+03 	5.204500e+01 	5.902292e+03 	6.035947e+03 	7.881604e+09 	1.742870e-02 	1.354766e-03 	-3.324212e-03 
3.033000e+02 	5.204500e+01 	5.945638e+03 	6.082383e+03 	7.881605e+09 	1.729397e-02 	1.220042e-03 	-3.337563e-03 
